  0.00    1.00000000
  0.10    1.10517092
  0.20    1.22140276
  0.30    1.34985881
  0.40    1.49182470
  0.50    1.64872127
  0.60    1.82211880
  0.70    2.01375271
  0.80    2.22554093
  0.90    2.45960311
  1.00    2.71828183
  1.10    3.00416602
  1.20    3.32011692
  1.30    3.66929667
  1.40    4.05519997
  1.50    4.48168907
  1.60    4.95303242
  1.70    5.47394739
  1.80    6.04964746
  1.90    6.68589444
  2.00    7.38905610
  2.10    8.16616991
  2.20    9.02501350
  2.30    9.97418245
  2.40   11.02317638
  2.50   12.18249396
  2.60   13.46373804
  2.70   14.87973172
  2.80   16.44464677
  2.90   18.17414537
  3.00   20.08553692
  3.10   22.19795128
  3.20   24.53253020
  3.30   27.11263892
  3.40   29.96410005
  3.50   33.11545196
  3.60   36.59823444
  3.70   40.44730436
  3.80   44.70118449
  3.90   49.40244911
  4.00   54.59815003
  4.10   60.34028760
  4.20   66.68633104
  4.30   73.69979370
  4.40   81.45086866
  4.50   90.01713130
  4.60   99.48431564
  4.70  109.94717245
  4.80  121.51041752
  4.90  134.28977968
  5.00  148.41315910
  5.10  164.02190730
  5.20  181.27224188
  5.30  200.33680997
  5.40  221.40641620
  5.50  244.69193226
  5.60  270.42640743
  5.70  298.86740097
  5.80  330.29955991
  5.90  365.03746787
  6.00  403.42879349
  6.10  445.85777008
  6.20  492.74904109
  6.30  544.57191013
  6.40  601.84503787
  6.50  665.14163304
  6.60  735.09518924
  6.70  812.40582517
  6.80  897.84729165
  6.90  992.27471561
  7.00  1096.63315843
  7.10  1211.96707449
  7.20  1339.43076439
  7.30  1480.29992758
  7.40  1635.98443000
  7.50  1808.04241446
  7.60  1998.19589510
  7.70  2208.34799189
  7.80  2440.60197762
  7.90  2697.28232827
  8.00  2980.95798704
  8.10  3294.46807528
  8.20  3640.95030733
  8.30  4023.87239382
  8.40  4447.06674770
  8.50  4914.76884030
  8.60  5431.65959136
  8.70  6002.91221726
  8.80  6634.24400628
  8.90  7331.97353916
  9.00  8103.08392758
  9.10  8955.29270348
  9.20  9897.12905874
  9.30  10938.01920817
  9.40  12088.38073022
  9.50  13359.72682966
  9.60  14764.78156558
  9.70  16317.60719802
  9.80  18033.74492783
  9.90  19930.37043823
 10.00  22026.46579481
