1.000000000000000 +0.000000000000000
0.999747634455022 -0.022464803617849
0.997729474291323 -0.067349061837271
0.990928207739279 -0.134392288121827
0.974868361720748 -0.222781680835533
0.943750749378010 -0.330657712821650
0.890751392022521 -0.454490877367127
0.808576581181223 -0.588390951974352
0.690366379722240 -0.723459924079563
0.531012597138581 -0.847363925170372
0.328890221096718 -0.944368160447477
0.087881036282750 -0.996130977061686
-0.180609171748854 -0.983554943600099
-0.456157766395901 -0.889898922438219
-0.709089784112652 -0.705118201486157
-0.902356786904935 -0.430989824852748
-0.996293764160955 -0.086015902564563
-0.956565901945844 +0.291516166334792
-0.764705628035716 +0.644379781224163
-0.429299656028584 +0.903162114647055
0.005616643865854 +0.999984226531441
0.459486741811567 +0.888184628384994
0.825836788352794 +0.563909211667217
0.996608861104401 +0.082284737152087
0.897458497822499 -0.441098905786654
0.524651944088861 -0.851316825608292
-0.031822442541952 -0.999493537823364
-0.595934245373749 -0.803033234175784
-0.954355963856851 -0.298671549115178
-0.939976890316247 +0.341238107003596
-0.521460561118529 +0.853275385322903
0.147367055433288 +0.989081872734974
0.762287425567295 +0.647238658318542
0.999299037016770 -0.037435739839833
0.695764887536750 -0.718269602079173
-0.016849222851512 -0.999858041768580
-0.734989359969368 -0.678078639046990
-0.996293764160955 +0.086015902564562
-0.589903756726840 +0.807473564768260
0.242809915263365 +0.970073886386907
0.910267268925076 +0.414021133667937
0.880316548755877 -0.474386734623283
0.132536813633802 -0.991178083409737
-0.740046763849437 -0.672555415795588
-0.968694808135827 +0.248254644852203
-0.304027115599129 +0.952663378628818
0.662799200942801 +0.748797181638382
0.978095669277092 -0.208155859253103
0.278955148137002 -0.960304131683220
-0.729890735439146 -0.683563833390930
-0.932073825475294 +0.362268386509024
-0.054267837698407 +0.998526415169644
0.897458497822498 +0.441098905786657
0.742559919318665 -0.669779640046977
-0.367497799014397 -0.930024390927235
-0.999151855601640 +0.041177292866321
-0.268150345447908 +0.963377076868745
0.846368265875225 +0.532598121025003
0.737523232272301 -0.675321761724452
-0.476034052424900 -0.879426847970841
-0.962873351098830 +0.269953532563863
0.072951890640515 +0.997335460941791
0.994508840905170 +0.104652593668073
0.257311705737345 -0.966328456628769
-0.923700313996486 -0.383115817896878
-0.482606579919915 +0.875837250302819
0.830036649530937 +0.557708849163662
0.610863510627637 -0.791735922756874
-0.764705628035716 -0.644379781224164
-0.659990728173592 +0.751273744200403
0.752508077575850 +0.658583019203424
0.640074537945053 -0.768312817721029
-0.797419517391053 -0.603425317072312
-0.546783161863855 +0.837274252501631
0.883844463810432 +0.467780892931348
0.364012801993722 -0.931393944571619
-0.972304322736074 -0.233718428859910
-0.076685842189984 +0.997055305190044
0.994508840905171 -0.104652593668069
-0.304027115599129 -0.952663378628818
-0.860035951702781 +0.510233438514854
0.706444540154418 +0.707768402576727
0.492414507292234 -0.870360817711911
-0.975695720141317 -0.219129782772487
0.095338425368054 +0.995444917937874
0.907141210514145 -0.420826358712154
-0.714350408888521 -0.699788177465727
-0.381385773127004 +0.924415973496952
0.999887834914488 -0.014977235726858
-0.429299656028592 -0.903162114647051
-0.625578660764645 +0.780161098232867
0.979627085244986 +0.200825232115919
-0.289724750381636 -0.957110008837176
-0.687652587540257 +0.726039887918831
0.976509398447896 +0.215474812316726
-0.339477662242473 -0.940614116861099
-0.595934245373747 +0.803033234175786
0.999551364819964 +0.029951111607869
-0.565454374289961 -0.824779576975781
-0.311152922226330 +0.950359857627633
0.936084418622557 -0.351775441456718
-0.871281202256620 -0.490784134415793
0.206324280864608 +0.978483669319883
0.580796097892707 -0.814049072644030
-0.989356043303947 +0.145515014957079
0.804147548792713 +0.594429743342871
-0.173238433500979 -0.984879914079949
-0.534181778036013 +0.845369639870207
0.957650760844085 -0.287932318878492
-0.920805323490461 -0.390022507339803
0.479323676442614 +0.877638201767412
0.147367055433292 -0.989081872734973
-0.698449527477434 +0.715659316690944
0.981103560464671 -0.193483342031156
-0.926543500313822 -0.376187642043451
0.586876084780117 +0.809676763352612
-0.091610373054471 -0.995794928461087
-0.408901956046303 +0.912578320113680
0.790590862209508 -0.612344746520150
-0.981821169296680 +0.189808302033657
0.967758442490882 +0.251880124240923
-0.778988507923666 -0.627038200210211
0.472737753990178 +0.881203163834721
-0.113957591264311 -0.993485615091248
-0.239175829419673 +0.970976272944613
0.543644205318921 -0.839315779681973
-0.774270882644574 +0.632854327858151
0.922259284187518 -0.386571872657501
-0.991424484779556 +0.130680874574637
0.993697227962509 +0.112097364552542
-0.944982261295540 -0.327121576538094
0.861940461060851 +0.507009508378500
-0.759858535157277 -0.650088460556436
0.651509946112740 +0.758640092610571
-0.546783161863876 -0.837274252501617
0.452822395246261 +0.891600739324188
-0.374452286336097 -0.927246183738531
0.314709306544988 +0.949188101681628
-0.275357391161316 -0.961341930393569
0.257311705737314 +0.966328456628777
-0.260928260970417 -0.965358193950284
0.286138878108243 +0.958188156071111
-0.332424045517417 -0.943130030251308
0.398625063891464 +0.917113983339871
-0.482606579919911 -0.875837250302821
0.580796097892690 +0.814049072644042
-0.687652587540258 -0.726039887918830
0.795154437125035 +0.606406976477323
-0.892446961366022 -0.451152325881796
0.965845018040808 +0.259120437491432
-0.999432207378599 -0.033693661931292
0.976509398447901 -0.215474812316705
-0.882086690099596 +0.471087116305615
0.706444540154418 -0.707768402576728
-0.449480675127571 +0.893290055181890
0.125110335033112 -0.992142834509176
0.235538390120011 +0.971865045559142
-0.583840184313417 -0.811868609555066
0.858119383882615 +0.513450214728674
-0.994110003583079 -0.108375738871992
0.941248046343326 -0.337716027536260
-0.682196116875042 +0.731169240409233
0.250067822818393 -0.968228322241644
0.264541157759229 +0.964374396099050
-0.724751176206616 -0.689010691199438
0.981103560464668 +0.193483342031173
-0.923700313996505 +0.383115817896832
0.537343469234055 -0.843363501742582
0.065480971359784 +0.997853818146616
-0.659990728173560 -0.751273744200431
0.985202529012002 +0.171394214687530
-0.863832885253913 +0.503778469521972
0.314709306544988 -0.949188101681628
0.412316184393984 +0.911040813622961
-0.929334722987092 -0.369238368334744
0.916366060833868 -0.400341407490931
-0.339477662242516 +0.940614116861084
-0.469434827355431 -0.882967124453553
0.974868361720751 +0.222781680835519
-0.792878208092947 +0.609380133522023
0.013105196103701 -0.999914123230132
0.790590862209512 +0.612344746520144
-0.958722192634564 +0.284344434357300
0.307592175269423 -0.951518288690777
0.628495541746763 +0.777813187085719
-0.992375330161359 +0.123252602760078
0.398625063891493 -0.917113983339859
0.604917206959794 +0.796288372842378
-0.987065659417948 +0.160316511931275
0.300457793200713 -0.953795111386590
0.732445182467778 +0.680826009109334
-0.920805323490483 +0.390022507339751
-0.001872223372017 -0.999998247388287
0.930710798924062 +0.365755941532238
-0.665598380683073 +0.746310120279815
-0.489152041231317 -0.872198532766042
0.979627085244993 -0.200825232115885
-0.084150467341441 +0.996453059027979
-0.939976890316242 -0.341238107003610
0.556153857701741 -0.831079350341152
0.690366379722242 +0.723459924079562
-0.844368050655722 +0.535763562620543
-0.381385773126951 -0.924415973496974
0.971422361778094 -0.237357525765392
0.110236744914495 +0.993905357702964
-0.999992989559291 +0.003744440181451
0.080418718536358 -0.996761169844096
0.989893979751085 +0.141809410310314
-0.180609171748863 +0.983554943600097
-0.980372195695975 -0.197155669221691
0.191646157913694 -0.981464085006130
0.986458444063622 +0.164011396358844
-0.113957591264309 +0.993485615091249
-0.999151855601639 -0.041177292866349
-0.054267837698414 -0.998526415169643
0.985202529012004 -0.171394214687519
0.307592175269335 +0.951518288690805
-0.889043333559370 +0.457823056489779
-0.613823836007564 -0.789443030464491
0.645810351626128 -0.763497864916816
0.890751392022496 +0.454490877367176
-0.217302678391847 +0.976104270026379
-0.998423063626465 +0.056137207080009
-0.346512239930063 -0.938045450699832
0.781330953903137 -0.624116928526069
0.850333067948567 +0.526244879835593
-0.187969780833237 +0.982174812084644
-0.980372195695974 +0.197155669221698
-0.571615150284610 -0.820521858310370
0.505394874711156 -0.862888185465356
0.997197130765293 +0.074818997543857
0.391745777029435 +0.920073500422442
-0.619718626328007 +0.784824072121981
-0.989356043303937 -0.145515014957143
-0.388297870534043 -0.921533918930132
0.568538747994492 -0.822656484827571
0.999887834914490 +0.014977235726730
0.562362072416608 +0.826891104987409
-0.332424045517543 +0.943130030251264
-0.949775644242569 +0.312931662833297
-0.840332132074507 -0.542071865902587
-0.128824477449727 -0.991667410985056
0.657173001752669 -0.753739773242322
0.999551364819965 -0.029951111607831
0.716965715947468 +0.697108429267596
0.020593013358352 +0.999787941415990
-0.671168704219323 +0.741304640803331
-0.994893734336727 +0.100927981142601
-0.819450229009943 -0.573150348665647
-0.268150345447928 -0.963377076868739
0.384844519760191 -0.922981416720049
0.861940461060898 -0.507009508378420
0.995964698300781 +0.089745861958275
0.771895769490237 +0.635749102274691
0.300457793200589 +0.953795111386629
-0.246440596698112 +0.969157898538251
-0.703789391221085 +0.710408680130427
-0.960824714991049 +0.277156755397319
-0.978868239558786 -0.204491979263450
-0.783662444933865 -0.621186906172593
-0.442778375486599 -0.896631089245431
-0.039306585242212 -0.999227197566498
0.350022265804244 -0.936741380233234
0.668388228147248 -0.743812594995663
0.883844463810421 -0.467780892931369
0.987659035241704 -0.156619379724943
0.988804235213047 +0.149218579355057
0.907141210514122 +0.420826358712205
0.767113108657205 +0.641511869357286
0.592923157702967 +0.805259044692789
0.405481994532746 +0.914103031452006
0.220956119054242 +0.975283750224768
0.050528534825652 +0.998722617731456
-0.099065140952948 +0.995080950399500
-0.224606461717223 +0.974449556085316
-0.325351785345183 +0.945593049769668
-0.402056347804352 +0.915614926260066
-0.456157766396012 +0.889898922438162
-0.489152041231293 +0.872198532766055
-0.502160298476626 +0.864774557115243
-0.495670069267697 +0.868510899431986
-0.469434827355436 +0.882967124453551
-0.422523992143030 +0.906351739703476
-0.353527384057697 +0.935424175826839
-0.260928260970487 +0.965358193950265
-0.143662464418201 +0.989626745958945
-0.001872223372005 +0.999998247388287
0.162164238355910 +0.986763781154562
0.342997355648858 +0.939336368942399
0.531012597138486 +0.847363925170431
0.711725086007135 +0.702458114016869
0.865713197748574 +0.500540367247176
0.969617591825723 +0.244625684714597
0.998626266654644 -0.052398278095833
0.930710798924067 -0.365755941532227
0.752508077575863 -0.658583019203410
0.466125318830771 -0.884718705094966
0.095338425367990 -0.995444917937880
-0.311152922226187 -0.950359857627680
-0.682196116874937 -0.731169240409330
-0.934760654160333 -0.355278087466348
-0.993270519830947 +0.115817418529171
-0.815135025961013 +0.579270998282788
-0.415724631705163 +0.909490533537104
0.117676839828221 +0.993051942935536
0.634302826753011 +0.773084680984651
0.957650760844082 +0.287932318878502
0.948597232004341 -0.316485847130171
0.574683538026626 -0.818375727353395
-0.046788523498327 -0.998904817321874
-0.665598380682902 -0.746310120279967
-0.990418037012105 -0.138101817370693
-0.832119138032648 +0.554596916796156
-0.231897648364476 +0.972740191769121
0.511842723683413 +0.859079173424862
0.971422361778087 +0.237357525765425
0.838296485300016 -0.545214639140991
0.154769986902847 -0.987950530722107
-0.648664696294932 -0.761074314229960
-0.999824743896843 +0.018721150915789
-0.601931312044327 +0.798547866806114
0.278955148136907 +0.960304131683248
0.943750749377968 +0.330657712821770
0.804147548792679 -0.594429743342916
-0.061744108377389 -0.998092012331870
-0.882086690099659 -0.471087116305495
-0.852297599212452 +0.523057169319656
0.043047856154709 +0.999073011386297
0.903964276604087 +0.427607982413390
0.785982948326560 -0.618248174230938
-0.224606461717159 -0.974449556085331
-0.981821169296678 -0.189808302033669
-0.553038031904816 +0.833156008960415
0.574683538026442 +0.818375727353525
0.965845018040809 -0.259120437491430
0.065480971359987 -0.997853818146602
-0.932073825475292 -0.362268386509028
-0.607894620402952 +0.794017714213701
0.610863510627720 +0.791735922756810
0.913342276517285 -0.407192688940043
-0.202658960872293 -0.979249378645788
-0.999936906623368 +0.011233110543843
-0.158468223561318 +0.987364077795683
0.953230915651375 +0.302242984114507
0.419127250191050 -0.907927501592109
-0.860035951702720 -0.510233438514957
-0.577743868198853 +0.816218122047426
0.781330953903206 +0.624116928525983
0.651509946112975 -0.758640092610369
-0.750036777442424 -0.661396123729028
-0.654346061187052 +0.756195234188229
0.776635139838606 +0.629950680266216
0.586876084780131 -0.809676763352602
-0.852297599212421 -0.523057169319706
-0.436051243360456 +0.899921837252436
0.946200523728825 +0.323580853721751
0.184290768250473 -0.982871768206642
-0.999824743896839 -0.018721150916010
0.169549395099148 +0.985521690589057
0.927945616958206 -0.372715618089791
-0.577743868198595 -0.816218122047608
-0.642946952127246 +0.765910710690408
0.913342276517210 +0.407192688940213
0.117676839828248 -0.993051942935533
-0.978868239558802 +0.204491979263371
0.524651944088782 +0.851316825608340
0.604917206959746 -0.796288372842414
-0.966808508019570 -0.255502072048296
0.154769986902822 +0.987950530722111
0.830036649530936 -0.557708849163664
-0.867581372181122 -0.497295246955289
-0.039306585242551 +0.999227197566484
0.894130017816632 -0.447807448842948
-0.836249084869920 -0.548349767989576
-0.031822442542106 +0.999493537823359
0.858119383882576 -0.513450214728739
-0.905559091927421 -0.424220144532983
0.176925042947282 +0.984224328686353
0.684929153863012 -0.728609672038808
-0.995621668137653 -0.093474563036142
0.556153857701828 +0.831079350341094
0.271755773432322 -0.962366250242703
-0.899103874709774 +0.437735333828412
0.933423783529950 +0.358775752163706
-0.395188190904008 -0.918600181673190
-0.360522701192703 +0.932750439251956
0.900736645368165 -0.434365624435111
-0.960824714991005 -0.277156755397472
0.549914452026832 +0.835220985998334
0.102790467557168 -0.994703030949126
-0.693070492359157 +0.720869816694413
0.986458444063606 -0.164011396358941
-0.899103874709782 -0.437735333828396
0.498918681511841 +0.866648803863760
0.050528534825760 -0.998722617731451
-0.565454374290074 +0.824779576975704
0.903964276604179 -0.427607982413195
-0.997974664301320 -0.063612651357005
0.854250180512445 +0.519862125081694
-0.534181778035842 -0.845369639870315
0.125110335032934 +0.992142834509199
0.286138878108346 -0.958188156071080
-0.631403610667355 +0.775454370312159
0.869437382358100 -0.494043154145765
-0.985837397692452 +0.167703981201921
0.987659035241639 +0.156619379725354
-0.895800537776017 -0.444456293149506
0.737523232272328 +0.675321761724423
-0.540497626403039 -0.841345538915303
0.328890221096611 +0.944368160447514
-0.121394438459178 -0.992604347316281
-0.069216916241353 +0.997601633171296
0.235538390120011 -0.971865045559142
-0.374452286336259 +0.927246183738465
0.485882716827682 -0.874024018827944
-0.571615150284912 +0.820521858310160
0.634302826753052 -0.773084680984618
-0.676701386380531 +0.736257586494474
0.701124374540134 -0.713038997128281
-0.709089784112544 +0.705118201486266
0.701124374540181 -0.713038997128236
-0.676701386380626 +0.736257586494386
0.634302826753201 -0.773084680984495
-0.571615150284751 +0.820521858310272
0.485882716827766 -0.874024018827898
-0.374452286335987 +0.927246183738575
0.235538390120230 -0.971865045559089
-0.069216916241189 +0.997601633171308
-0.121394438459051 -0.992604347316297
0.328890221096644 +0.944368160447503
-0.540497626402823 -0.841345538915442
0.737523232272111 +0.675321761724660
-0.895800537776047 -0.444456293149444
0.987659035241675 +0.156619379725125
-0.985837397692424 +0.167703981202086
0.869437382358049 -0.494043154145853
-0.631403610667326 +0.775454370312182
0.286138878108155 -0.958188156071138
0.125110335033293 +0.992142834509153
-0.534181778036094 -0.845369639870156
0.854250180512448 +0.519862125081689
-0.997974664301302 -0.063612651357291
0.903964276604135 -0.427607982413289
-0.565454374290042 +0.824779576975726
0.050528534825786 -0.998722617731450
0.498918681511763 +0.866648803863805
-0.899103874709814 -0.437735333828330
0.986458444063642 -0.164011396358725
-0.693070492358870 +0.720869816694689
0.102790467557063 -0.994703030949137
0.549914452027246 +0.835220985998061
-0.960824714990935 -0.277156755397713
0.900736645368204 -0.434365624435032
-0.360522701192634 +0.932750439251983
-0.395188190903809 -0.918600181673276
0.933423783529931 +0.358775752163757
-0.899103874709826 +0.437735333828304
0.271755773432499 -0.962366250242653
0.556153857701810 +0.831079350341106
-0.995621668137687 -0.093474563035775
0.684929153862956 -0.728609672038860
0.176925042947294 +0.984224328686351
-0.905559091927302 -0.424220144533237
0.858119383882870 -0.513450214728248
-0.031822442542288 +0.999493537823353
-0.836249084869660 -0.548349767989973
0.894130017816669 -0.447807448842873
-0.039306585242245 +0.999227197566496
-0.867581372181129 -0.497295246955277
0.830036649530964 -0.557708849163622
0.154769986902708 +0.987950530722129
-0.966808508019524 -0.255502072048470
0.604917206959579 -0.796288372842541
0.524651944088906 +0.851316825608264
-0.978868239558879 +0.204491979263005
0.117676839828458 -0.993051942935508
0.913342276517097 +0.407192688940466
-0.642946952127159 +0.765910710690481
-0.577743868199007 -0.816218122047317
0.927945616958211 -0.372715618089777
0.169549395099293 +0.985521690589032
-0.999824743896841 -0.018721150915928
0.184290768250232 -0.982871768206687
0.946200523728810 +0.323580853721795
-0.436051243360147 +0.899921837252586
-0.852297599212210 -0.523057169320050
0.586876084780510 -0.809676763352327
0.776635139838700 +0.629950680266100
-0.654346061187160 +0.756195234188136
-0.750036777442437 -0.661396123729014
0.651509946112836 -0.758640092610487
0.781330953903279 +0.624116928525891
-0.577743868198810 +0.816218122047456
-0.860035951702714 -0.510233438514967
0.419127250190913 -0.907927501592172
0.953230915651332 +0.302242984114642
-0.158468223561970 +0.987364077795579
-0.999936906623371 +0.011233110543572
-0.202658960871964 -0.979249378645856
0.913342276517356 -0.407192688939886
0.610863510627352 +0.791735922757094
-0.607894620403011 +0.794017714213656
-0.932073825475242 -0.362268386509158
0.065480971359737 -0.997853818146619
0.965845018040819 -0.259120437491390
0.574683538026355 +0.818375727353586
-0.553038031904579 +0.833156008960572
-0.981821169296633 -0.189808302033900
-0.224606461716866 -0.974449556085398
0.785982948326645 -0.618248174230830
0.903964276604195 +0.427607982413161
0.043047856154442 +0.999073011386308
-0.852297599212387 +0.523057169319761
-0.882086690099366 -0.471087116306045
-0.061744108377156 -0.998092012331884
0.804147548792586 -0.594429743343042
0.943750749377998 +0.330657712821683
0.278955148137370 +0.960304131683113
-0.601931312044538 +0.798547866805955
-0.999824743896849 +0.018721150915460
-0.648664696294978 -0.761074314229920
0.154769986902626 -0.987950530722141
0.838296485300177 -0.545214639140743
0.971422361778001 +0.237357525765775
0.511842723683439 +0.859079173424847
-0.231897648364511 +0.972740191769113
-0.832119138032578 +0.554596916796262
-0.990418037012083 -0.138101817370856
-0.665598380682900 -0.746310120279969
-0.046788523498033 -0.998904817321888
0.574683538026920 -0.818375727353189
0.948597232004403 -0.316485847129985
0.957650760844007 +0.287932318878752
0.634302826752935 +0.773084680984714
0.117676839828059 +0.993051942935555
-0.415724631705370 +0.909490533537010
-0.815135025960787 +0.579270998283106
-0.993270519830896 +0.115817418529608
-0.934760654160305 -0.355278087466423
-0.682196116874914 -0.731169240409352
-0.311152922225988 -0.950359857627745
0.095338425367923 -0.995444917937886
0.466125318831171 -0.884718705094754
0.752508077575904 -0.658583019203363
0.930710798924196 -0.365755941531897
0.998626266654636 -0.052398278095982
0.969617591825799 +0.244625684714294
0.865713197748414 +0.500540367247454
0.711725086007343 +0.702458114016658
0.531012597138779 +0.847363925170248
0.342997355649228 +0.939336368942264
0.162164238355786 +0.986763781154582
-0.001872223372650 +0.999998247388286
-0.143662464418115 +0.989626745958957
-0.260928260970686 +0.965358193950211
-0.353527384057738 +0.935424175826824
-0.422523992143436 +0.906351739703286
-0.469434827355287 +0.882967124453630
-0.495670069267607 +0.868510899432037
-0.502160298476691 +0.864774557115206
-0.489152041231414 +0.872198532765987
-0.456157766395889 +0.889898922438225
-0.402056347804390 +0.915614926260049
-0.325351785345606 +0.945593049769523
-0.224606461717722 +0.974449556085201
-0.099065140953295 +0.995080950399466
0.050528534825580 +0.998722617731460
0.220956119054219 +0.975283750224773
0.405481994532561 +0.914103031452087
0.592923157702752 +0.805259044692947
0.767113108657212 +0.641511869357278
0.907141210514338 +0.420826358711739
0.988804235213012 +0.149218579355288
0.987659035241662 -0.156619379725210
0.883844463810484 -0.467780892931250
0.668388228147735 -0.743812594995225
0.350022265804278 -0.936741380233221
-0.039306585242110 -0.999227197566502
-0.442778375486551 -0.896631089245455
-0.783662444933791 -0.621186906172685
-0.978868239558772 -0.204491979263517
-0.960824714990991 +0.277156755397519
-0.703789391221225 +0.710408680130287
-0.246440596698036 +0.969157898538270
0.300457793200711 +0.953795111386591
0.771895769489771 +0.635749102275256
0.995964698300761 +0.089745861958504
0.861940461061104 -0.507009508378069
0.384844519760732 -0.922981416719823
-0.268150345447958 -0.963377076868731
-0.819450229009923 -0.573150348665674
-0.994893734336726 +0.100927981142616
-0.671168704219443 +0.741304640803221
0.020593013358466 +0.999787941415987
0.716965715947819 +0.697108429267234
0.999551364819952 -0.029951111608270
0.657173001753158 -0.753739773241896
-0.128824477449133 -0.991667410985134
-0.840332132074579 -0.542071865902477
-0.949775644242691 +0.312931662832929
-0.332424045517648 +0.943130030251227
0.562362072416462 +0.826891104987508
0.999887834914486 +0.014977235726971
0.568538747994650 -0.822656484827462
-0.388297870533597 -0.921533918930320
-0.989356043303990 -0.145515014956786
-0.619718626327953 +0.784824072122024
0.391745777028915 +0.920073500422663
0.997197130765246 +0.074818997544484
0.505394874711068 -0.862888185465408
-0.571615150284454 -0.820521858310479
-0.980372195695979 +0.197155669221671
-0.187969780833104 +0.982174812084669
0.850333067948425 +0.526244879835823
0.781330953902991 -0.624116928526251
-0.346512239929581 -0.938045450700010
-0.998423063626446 +0.056137207080340
-0.217302678391809 +0.976104270026387
0.890751392022278 +0.454490877367604
0.645810351626457 -0.763497864916538
-0.613823836007083 -0.789443030464865
-0.889043333559366 +0.457823056489786
0.307592175269714 +0.951518288690683
0.985202529011947 -0.171394214687847
-0.054267837698569 -0.998526415169635
-0.999151855601629 -0.041177292866600
-0.113957591264340 +0.993485615091245
0.986458444063616 +0.164011396358883
0.191646157913127 -0.981464085006240
-0.980372195695819 -0.197155669222469
-0.180609171749484 +0.983554943599983
0.989893979750978 +0.141809410311059
0.080418718536493 -0.996761169844085
-0.999992989559293 +0.003744440180796
0.110236744913894 +0.993905357703031
0.971422361778051 -0.237357525765569
-0.381385773126797 -0.924415973497037
-0.844368050655693 +0.535763562620588
0.690366379722316 +0.723459924079492
0.556153857701049 -0.831079350341615
-0.939976890316058 -0.341238107004117
-0.084150467341759 +0.996453059027952
0.979627085245059 -0.200825232115564
-0.489152041230727 -0.872198532766372
-0.665598380683201 +0.746310120279700
0.930710798924038 +0.365755941532300
-0.001872223371829 -0.999998247388287
-0.920805323490671 +0.390022507339309
0.732445182467639 +0.680826009109483
0.300457793200806 -0.953795111386561
-0.987065659417838 +0.160316511931956
0.604917206959976 +0.796288372842240
0.398625063891865 -0.917113983339697
-0.992375330161410 +0.123252602759668
0.628495541746303 +0.777813187086090
0.307592175269615 -0.951518288690715
-0.958722192634559 +0.284344434357317
0.790590862209484 +0.612344746520181
0.013105196103984 -0.999914123230128
-0.792878208092916 +0.609380133522063
0.974868361720786 +0.222781680835366
-0.469434827355512 -0.882967124453510
-0.339477662242758 +0.940614116860996
0.916366060834224 -0.400341407490116
-0.929334722986803 -0.369238368335473
0.412316184393884 +0.911040813623006
0.314709306545477 -0.949188101681466
-0.863832885254062 +0.503778469521717
0.985202529011960 +0.171394214687774
-0.659990728173197 -0.751273744200749
0.065480971359692 +0.997853818146622
0.537343469234762 -0.843363501742131
-0.923700313996481 +0.383115817896890
0.981103560464788 +0.193483342030562
-0.724751176206022 -0.689010691200063
0.264541157759431 +0.964374396098994
0.250067822818307 -0.968228322241666
-0.682196116875274 +0.731169240409016
0.941248046343321 -0.337716027536275
-0.994110003583080 -0.108375738871984
0.858119383882528 +0.513450214728820
-0.583840184313641 -0.811868609554904
0.235538390120493 +0.971865045559025
0.125110335032572 -0.992142834509244
-0.449480675127345 +0.893290055182003
0.706444540154606 -0.707768402576540
-0.882086690100073 +0.471087116304721
0.976509398447937 -0.215474812316540
-0.999432207378583 -0.033693661931781
0.965845018040775 +0.259120437491555
-0.892446961365999 -0.451152325881841
0.795154437124897 +0.606406976477504
-0.687652587540458 -0.726039887918641
0.580796097893162 +0.814049072643705
-0.482606579919641 -0.875837250302970
0.398625063890992 +0.917113983340077
-0.332424045517353 -0.943130030251331
0.286138878108388 +0.958188156071068
-0.260928260969623 -0.965358193950499
0.257311705737171 +0.966328456628815
-0.275357391161548 -0.961341930393503
0.314709306545317 +0.949188101681519
-0.374452286335489 -0.927246183738777
0.452822395246202 +0.891600739324218
-0.546783161863290 -0.837274252502000
0.651509946112289 +0.758640092610957
-0.759858535157366 -0.650088460556332
0.861940461060254 +0.507009508379515
-0.944982261295543 -0.327121576538086
0.993697227962509 +0.112097364552541
-0.991424484779587 +0.130680874574403
0.922259284187425 -0.386571872657723
-0.774270882644895 +0.632854327857758
0.543644205318637 -0.839315779682157
-0.239175829419601 +0.970976272944631
-0.113957591264716 -0.993485615091202
0.472737753989854 +0.881203163834895
-0.778988507923930 -0.627038200209883
0.967758442490900 +0.251880124240854
-0.981821169296781 +0.189808302033134
0.790590862210361 -0.612344746519049
-0.408901956046908 +0.912578320113410
-0.091610373053408 -0.995794928461184
0.586876084780166 +0.809676763352576
-0.926543500313842 -0.376187642043401
0.981103560464706 -0.193483342030977
-0.698449527477265 +0.715659316691109
0.147367055433797 -0.989081872734898
0.479323676442109 +0.877638201767688
-0.920805323490467 -0.390022507339791
0.957650760844239 -0.287932318877980
-0.534181778036375 +0.845369639869978
-0.173238433500424 -0.984879914080046
0.804147548792685 +0.594429743342908
-0.989356043303911 +0.145515014957321
0.580796097893208 -0.814049072643672
0.206324280864693 +0.978483669319865
-0.871281202256449 -0.490784134416095
0.936084418622602 -0.351775441456598
-0.311152922225608 +0.950359857627870
-0.565454374290359 -0.824779576975509
0.999551364819963 +0.029951111607892
-0.595934245373647 +0.803033234175860
-0.339477662242516 -0.940614116861084
0.976509398447834 +0.215474812317007
-0.687652587540215 +0.726039887918871
-0.289724750381767 -0.957110008837136
0.979627085244981 +0.200825232115946
-0.625578660764263 +0.780161098233173
-0.429299656028450 -0.903162114647118
0.999887834914490 -0.014977235726736
-0.381385773126467 +0.924415973497173
-0.714350408888603 -0.699788177465642
0.907141210514398 -0.420826358711610
0.095338425367420 +0.995444917937934
-0.975695720141116 -0.219129782773380
0.492414507292703 -0.870360817711645
0.706444540154132 +0.707768402577013
-0.860035951702578 +0.510233438515196
-0.304027115599175 -0.952663378628803
0.994508840905227 -0.104652593667530
-0.076685842190462 +0.997055305190008
-0.972304322736139 -0.233718428859637
0.364012801993851 -0.931393944571568
0.883844463810054 +0.467780892932062
-0.546783161864526 +0.837274252501193
-0.797419517390980 -0.603425317072408
0.640074537944818 -0.768312817721225
0.752508077575574 +0.658583019203740
-0.659990728173945 +0.751273744200092
-0.764705628035801 -0.644379781224063
0.610863510627240 -0.791735922757180
0.830036649530768 +0.557708849163913
-0.482606579919483 +0.875837250303057
-0.923700313996187 -0.383115817897598
0.257311705737811 -0.966328456628645
0.994508840905126 +0.104652593668497
0.072951890639906 +0.997335460941835
-0.962873351098869 +0.269953532563725
-0.476034052424979 -0.879426847970797
0.737523232272855 -0.675321761723847
0.846368265875137 +0.532598121025144
-0.268150345448555 +0.963377076868565
-0.999151855601623 +0.041177292866735
-0.367497799014709 -0.930024390927111
0.742559919318654 -0.669779640046988
0.897458497822257 +0.441098905787148
-0.054267837699763 +0.998526415169570
-0.932073825475177 +0.362268386509324
-0.729890735438479 -0.683563833391642
0.278955148137663 -0.960304131683028
0.978095669277228 -0.208155859252464
0.662799200942838 +0.748797181638349
-0.304027115598643 +0.952663378628973
-0.968694808135648 +0.248254644852903
-0.740046763849296 -0.672555415795742
0.132536813634281 -0.991178083409673
0.880316548755920 -0.474386734623204
0.910267268925102 +0.414021133667880
0.242809915262450 +0.970073886387136
-0.589903756727137 +0.807473564768043
-0.996293764161036 +0.086015902563615
-0.734989359968781 -0.678078639047626
-0.016849222851395 -0.999858041768582
0.695764887536467 -0.718269602079447
0.999299037016780 -0.037435739839578
0.762287425567143 +0.647238658318720
0.147367055432835 +0.989081872735041
-0.521460561119318 +0.853275385322421
-0.939976890316496 +0.341238107002910
-0.954355963856620 -0.298671549115917
-0.595934245372896 -0.803033234176418
-0.031822442541265 -0.999493537823386
0.524651944088558 -0.851316825608478
0.897458497822792 -0.441098905786057
0.996608861104467 +0.082284737151290
0.825836788352907 +0.563909211667052
0.459486741810998 +0.888184628385289
0.005616643865946 +0.999984226531440
-0.429299656028880 +0.903162114646914
-0.764705628035769 +0.644379781224100
-0.956565901945867 +0.291516166334715
-0.996293764160848 -0.086015902565791
-0.902356786904979 -0.430989824852656
-0.709089784112210 -0.705118201486602
-0.456157766395286 -0.889898922438534
-0.180609171748767 -0.983554943600115
0.087881036282481 -0.996130977061710
0.328890221096354 -0.944368160447604
0.531012597139134 -0.847363925170025
0.690366379722982 -0.723459924078856
0.808576581181654 -0.588390951973761
0.890751392022831 -0.454490877366520
0.943750749378300 -0.330657712820823
0.974868361720838 -0.222781680835139
0.990928207739303 -0.134392288121653
0.997729474291336 -0.067349061837079
0.999747634455032 -0.022464803617398
1.000000000000000 -0.000000000000865
